<?xml version="1.0"?>
<opencv_storage>
<Distortion type_id="opencv-matrix">
  <rows>1</rows>
  <cols>5</cols>
  <dt>d</dt>
  <data>
    -2.3062439016351080e-01 -1.4511631744102312e+01
    -1.4672710967433690e-03 -2.5699719541257660e-04
    -1.2837065786328131e+02</data></Distortion>
</opencv_storage>
